standings2009 <- c()